s = [14.2691,0;
      0, 0.6268;
      0,0;
      0,0];
s'*s
      


